[app/ui]
version = 9.2.1
modtime = 1722012110.380362200

[app/launcher]
version = 9.2.1
modtime = 1722012110.388373200

[nav/default]
version = 9.2.1
modtime = 1722012753.509733800
